timestamps:
  kits:
    blaze_rod: 1628708979032
    tools: 1628706939777
  logout: 1628708988589
  login: 1628708979109
logoutlocation:
  world: world
  x: 8.543810609121056
  y: 1.0
  z: 8.41646784296107
  yaw: 84.58379
  pitch: 10.0518465
lastAccountName: tmasik
ipAddress: 127.0.0.1
